--------------------results---------------------
1.000000 3.000000 139.443840          228.887680          100.776480          
1.000000 3.100000 143.916032          233.359872          103.315304          
1.000000 3.200000 148.388224          237.832064          105.854128          
1.000000 3.300000 152.860416          242.304256          108.392952          
1.000000 3.400000 157.332608          246.776448          110.931776          
1.000000 3.500000 161.804800          251.248640          113.470600          
1.000000 3.600000 166.276992          255.720832          116.009424          
1.000000 3.700000 170.749184          260.193024          118.548248          
1.000000 3.800000 175.221376          264.665216          121.087072          
1.000000 3.900000 179.693568          269.137408          123.625896          
1.000000 4.000000 184.165760          273.609600          126.164720          
1.000000 4.100000 188.637952          278.081792          128.703544          
1.000000 4.200000 193.110144          282.553984          131.242368          
1.000000 4.300000 197.582336          287.026176          133.781192          
1.000000 4.400000 202.054528          291.498368          136.320016          
1.000000 4.500000 206.526720          295.970560          138.858840          
1.000000 4.600000 210.998912          300.442752          141.397664          
1.000000 4.700000 215.471104          304.914944          143.936488          
1.000000 4.800000 219.943296          309.387136          146.475312          
1.000000 4.900000 224.415488          313.859328          149.014136          
1.100000 3.000000 139.971648          238.359872          103.237656          
1.100000 3.100000 144.443840          242.832064          105.776480          
1.100000 3.200000 148.916032          247.304256          108.315304          
1.100000 3.300000 153.388224          251.776448          110.854128          
1.100000 3.400000 157.860416          256.248640          113.392952          
1.100000 3.500000 162.332608          260.720832          115.931776          
1.100000 3.600000 166.804800          265.193024          118.470600          
1.100000 3.700000 171.276992          269.665216          121.009424          
1.100000 3.800000 175.749184          274.137408          123.548248          
1.100000 3.900000 180.221376          278.609600          126.087072          
1.100000 4.000000 184.693568          283.081792          128.625896          
1.100000 4.100000 189.165760          287.553984          131.164720          
1.100000 4.200000 193.637952          292.026176          133.703544          
1.100000 4.300000 198.110144          296.498368          136.242368          
1.100000 4.400000 202.582336          300.970560          138.781192          
1.100000 4.500000 207.054528          305.442752          141.320016          
1.100000 4.600000 211.526720          309.914944          143.858840          
1.100000 4.700000 215.998912          314.387136          146.397664          
1.100000 4.800000 220.471104          318.859328          148.936488          
1.100000 4.900000 224.943296          323.331520          151.475312          
1.200000 3.000000 140.499456          247.832064          105.698832          
1.200000 3.100000 144.971648          252.304256          108.237656          
1.200000 3.200000 149.443840          256.776448          110.776480          
1.200000 3.300000 153.916032          261.248640          113.315304          
1.200000 3.400000 158.388224          265.720832          115.854128          
1.200000 3.500000 162.860416          270.193024          118.392952          
1.200000 3.600000 167.332608          274.665216          120.931776          
1.200000 3.700000 171.804800          279.137408          123.470600          
1.200000 3.800000 176.276992          283.609600          126.009424          
1.200000 3.900000 180.749184          288.081792          128.548248          
1.200000 4.000000 185.221376          292.553984          131.087072          
1.200000 4.100000 189.693568          297.026176          133.625896          
1.200000 4.200000 194.165760          301.498368          136.164720          
1.200000 4.300000 198.637952          305.970560          138.703544          
1.200000 4.400000 203.110144          310.442752          141.242368          
1.200000 4.500000 207.582336          314.914944          143.781192          
1.200000 4.600000 212.054528          319.387136          146.320016          
1.200000 4.700000 216.526720          323.859328          148.858840          
1.200000 4.800000 220.998912          328.331520          151.397664          
1.200000 4.900000 225.471104          332.803712          153.936488          
1.300000 3.000000 141.027264          257.304256          108.160008          
1.300000 3.100000 145.499456          261.776448          110.698832          
1.300000 3.200000 149.971648          266.248640          113.237656          
1.300000 3.300000 154.443840          270.720832          115.776480          
1.300000 3.400000 158.916032          275.193024          118.315304          
1.300000 3.500000 163.388224          279.665216          120.854128          
1.300000 3.600000 167.860416          284.137408          123.392952          
1.300000 3.700000 172.332608          288.609600          125.931776          
1.300000 3.800000 176.804800          293.081792          128.470600          
1.300000 3.900000 181.276992          297.553984          131.009424          
1.300000 4.000000 185.749184          302.026176          133.548248          
1.300000 4.100000 190.221376          306.498368          136.087072          
1.300000 4.200000 194.693568          310.970560          138.625896          
1.300000 4.300000 199.165760          315.442752          141.164720          
1.300000 4.400000 203.637952          319.914944          143.703544          
1.300000 4.500000 208.110144          324.387136          146.242368          
1.300000 4.600000 212.582336          328.859328          148.781192          
1.300000 4.700000 217.054528          333.331520          151.320016          
1.300000 4.800000 221.526720          337.803712          153.858840          
1.300000 4.900000 225.998912          342.275904          156.397664          
1.400000 3.000000 141.555072          266.776448          110.621184          
1.400000 3.100000 146.027264          271.248640          113.160008          
1.400000 3.200000 150.499456          275.720832          115.698832          
1.400000 3.300000 154.971648          280.193024          118.237656          
1.400000 3.400000 159.443840          284.665216          120.776480          
1.400000 3.500000 163.916032          289.137408          123.315304          
1.400000 3.600000 168.388224          293.609600          125.854128          
1.400000 3.700000 172.860416          298.081792          128.392952          
1.400000 3.800000 177.332608          302.553984          130.931776          
1.400000 3.900000 181.804800          307.026176          133.470600          
1.400000 4.000000 186.276992          311.498368          136.009424          
1.400000 4.100000 190.749184          315.970560          138.548248          
1.400000 4.200000 195.221376          320.442752          141.087072          
1.400000 4.300000 199.693568          324.914944          143.625896          
1.400000 4.400000 204.165760          329.387136          146.164720          
1.400000 4.500000 208.637952          333.859328          148.703544          
1.400000 4.600000 213.110144          338.331520          151.242368          
1.400000 4.700000 217.582336          342.803712          153.781192          
1.400000 4.800000 222.054528          347.275904          156.320016          
1.400000 4.900000 226.526720          351.748096          158.858840          
1.500000 3.000000 142.082880          276.248640          113.082360          
1.500000 3.100000 146.555072          280.720832          115.621184          
1.500000 3.200000 151.027264          285.193024          118.160008          
1.500000 3.300000 155.499456          289.665216          120.698832          
1.500000 3.400000 159.971648          294.137408          123.237656          
1.500000 3.500000 164.443840          298.609600          125.776480          
1.500000 3.600000 168.916032          303.081792          128.315304          
1.500000 3.700000 173.388224          307.553984          130.854128          
1.500000 3.800000 177.860416          312.026176          133.392952          
1.500000 3.900000 182.332608          316.498368          135.931776          
1.500000 4.000000 186.804800          320.970560          138.470600          
1.500000 4.100000 191.276992          325.442752          141.009424          
1.500000 4.200000 195.749184          329.914944          143.548248          
1.500000 4.300000 200.221376          334.387136          146.087072          
1.500000 4.400000 204.693568          338.859328          148.625896          
1.500000 4.500000 209.165760          343.331520          151.164720          
1.500000 4.600000 213.637952          347.803712          153.703544          
1.500000 4.700000 218.110144          352.275904          156.242368          
1.500000 4.800000 222.582336          356.748096          158.781192          
1.500000 4.900000 227.054528          361.220288          161.320016          
1.600000 3.000000 142.610688          285.720832          115.543536          
1.600000 3.100000 147.082880          290.193024          118.082360          
1.600000 3.200000 151.555072          294.665216          120.621184          
1.600000 3.300000 156.027264          299.137408          123.160008          
1.600000 3.400000 160.499456          303.609600          125.698832          
1.600000 3.500000 164.971648          308.081792          128.237656          
1.600000 3.600000 169.443840          312.553984          130.776480          
1.600000 3.700000 173.916032          317.026176          133.315304          
1.600000 3.800000 178.388224          321.498368          135.854128          
1.600000 3.900000 182.860416          325.970560          138.392952          
1.600000 4.000000 187.332608          330.442752          140.931776          
1.600000 4.100000 191.804800          334.914944          143.470600          
1.600000 4.200000 196.276992          339.387136          146.009424          
1.600000 4.300000 200.749184          343.859328          148.548248          
1.600000 4.400000 205.221376          348.331520          151.087072          
1.600000 4.500000 209.693568          352.803712          153.625896          
1.600000 4.600000 214.165760          357.275904          156.164720          
1.600000 4.700000 218.637952          361.748096          158.703544          
1.600000 4.800000 223.110144          366.220288          161.242368          
1.600000 4.900000 227.582336          370.692480          163.781192          
1.700000 3.000000 143.138496          295.193024          118.004712          
1.700000 3.100000 147.610688          299.665216          120.543536          
1.700000 3.200000 152.082880          304.137408          123.082360          
1.700000 3.300000 156.555072          308.609600          125.621184          
1.700000 3.400000 161.027264          313.081792          128.160008          
1.700000 3.500000 165.499456          317.553984          130.698832          
1.700000 3.600000 169.971648          322.026176          133.237656          
1.700000 3.700000 174.443840          326.498368          135.776480          
1.700000 3.800000 178.916032          330.970560          138.315304          
1.700000 3.900000 183.388224          335.442752          140.854128          
1.700000 4.000000 187.860416          339.914944          143.392952          
1.700000 4.100000 192.332608          344.387136          145.931776          
1.700000 4.200000 196.804800          348.859328          148.470600          
1.700000 4.300000 201.276992          353.331520          151.009424          
1.700000 4.400000 205.749184          357.803712          153.548248          
1.700000 4.500000 210.221376          362.275904          156.087072          
1.700000 4.600000 214.693568          366.748096          158.625896          
1.700000 4.700000 219.165760          371.220288          161.164720          
1.700000 4.800000 223.637952          375.692480          163.703544          
1.700000 4.900000 228.110144          380.164672          166.242368          
1.800000 3.000000 143.666304          304.665216          120.465888          
1.800000 3.100000 148.138496          309.137408          123.004712          
1.800000 3.200000 152.610688          313.609600          125.543536          
1.800000 3.300000 157.082880          318.081792          128.082360          
1.800000 3.400000 161.555072          322.553984          130.621184          
1.800000 3.500000 166.027264          327.026176          133.160008          
1.800000 3.600000 170.499456          331.498368          135.698832          
1.800000 3.700000 174.971648          335.970560          138.237656          
1.800000 3.800000 179.443840          340.442752          140.776480          
1.800000 3.900000 183.916032          344.914944          143.315304          
1.800000 4.000000 188.388224          349.387136          145.854128          
1.800000 4.100000 192.860416          353.859328          148.392952          
1.800000 4.200000 197.332608          358.331520          150.931776          
1.800000 4.300000 201.804800          362.803712          153.470600          
1.800000 4.400000 206.276992          367.275904          156.009424          
1.800000 4.500000 210.749184          371.748096          158.548248          
1.800000 4.600000 215.221376          376.220288          161.087072          
1.800000 4.700000 219.693568          380.692480          163.625896          
1.800000 4.800000 224.165760          385.164672          166.164720          
1.800000 4.900000 228.637952          389.636864          168.703544          
1.900000 3.000000 144.194112          314.137408          122.927064          
1.900000 3.100000 148.666304          318.609600          125.465888          
1.900000 3.200000 153.138496          323.081792          128.004712          
1.900000 3.300000 157.610688          327.553984          130.543536          
1.900000 3.400000 162.082880          332.026176          133.082360          
1.900000 3.500000 166.555072          336.498368          135.621184          
1.900000 3.600000 171.027264          340.970560          138.160008          
1.900000 3.700000 175.499456          345.442752          140.698832          
1.900000 3.800000 179.971648          349.914944          143.237656          
1.900000 3.900000 184.443840          354.387136          145.776480          
1.900000 4.000000 188.916032          358.859328          148.315304          
1.900000 4.100000 193.388224          363.331520          150.854128          
1.900000 4.200000 197.860416          367.803712          153.392952          
1.900000 4.300000 202.332608          372.275904          155.931776          
1.900000 4.400000 206.804800          376.748096          158.470600          
1.900000 4.500000 211.276992          381.220288          161.009424          
1.900000 4.600000 215.749184          385.692480          163.548248          
1.900000 4.700000 220.221376          390.164672          166.087072          
1.900000 4.800000 224.693568          394.636864          168.625896          
1.900000 4.900000 229.165760          399.109056          171.164720          
2.000000 3.000000 144.721920          323.609600          125.388240          
2.000000 3.100000 149.194112          328.081792          127.927064          
2.000000 3.200000 153.666304          332.553984          130.465888          
2.000000 3.300000 158.138496          337.026176          133.004712          
2.000000 3.400000 162.610688          341.498368          135.543536          
2.000000 3.500000 167.082880          345.970560          138.082360          
2.000000 3.600000 171.555072          350.442752          140.621184          
2.000000 3.700000 176.027264          354.914944          143.160008          
2.000000 3.800000 180.499456          359.387136          145.698832          
2.000000 3.900000 184.971648          363.859328          148.237656          
2.000000 4.000000 189.443840          368.331520          150.776480          
2.000000 4.100000 193.916032          372.803712          153.315304          
2.000000 4.200000 198.388224          377.275904          155.854128          
2.000000 4.300000 202.860416          381.748096          158.392952          
2.000000 4.400000 207.332608          386.220288          160.931776          
2.000000 4.500000 211.804800          390.692480          163.470600          
2.000000 4.600000 216.276992          395.164672          166.009424          
2.000000 4.700000 220.749184          399.636864          168.548248          
2.000000 4.800000 225.221376          404.109056          171.087072          
2.000000 4.900000 229.693568          408.581248          173.625896          
2.100000 3.000000 145.249728          333.081792          127.849416          
2.100000 3.100000 149.721920          337.553984          130.388240          
2.100000 3.200000 154.194112          342.026176          132.927064          
2.100000 3.300000 158.666304          346.498368          135.465888          
2.100000 3.400000 163.138496          350.970560          138.004712          
2.100000 3.500000 167.610688          355.442752          140.543536          
2.100000 3.600000 172.082880          359.914944          143.082360          
2.100000 3.700000 176.555072          364.387136          145.621184          
2.100000 3.800000 181.027264          368.859328          148.160008          
2.100000 3.900000 185.499456          373.331520          150.698832          
2.100000 4.000000 189.971648          377.803712          153.237656          
2.100000 4.100000 194.443840          382.275904          155.776480          
2.100000 4.200000 198.916032          386.748096          158.315304          
2.100000 4.300000 203.388224          391.220288          160.854128          
2.100000 4.400000 207.860416          395.692480          163.392952          
2.100000 4.500000 212.332608          400.164672          165.931776          
2.100000 4.600000 216.804800          404.636864          168.470600          
2.100000 4.700000 221.276992          409.109056          171.009424          
2.100000 4.800000 225.749184          413.581248          173.548248          
2.100000 4.900000 230.221376          418.053440          176.087072          
2.200000 3.000000 145.777536          342.553984          130.310592          
2.200000 3.100000 150.249728          347.026176          132.849416          
2.200000 3.200000 154.721920          351.498368          135.388240          
2.200000 3.300000 159.194112          355.970560          137.927064          
2.200000 3.400000 163.666304          360.442752          140.465888          
2.200000 3.500000 168.138496          364.914944          143.004712          
2.200000 3.600000 172.610688          369.387136          145.543536          
2.200000 3.700000 177.082880          373.859328          148.082360          
2.200000 3.800000 181.555072          378.331520          150.621184          
2.200000 3.900000 186.027264          382.803712          153.160008          
2.200000 4.000000 190.499456          387.275904          155.698832          
2.200000 4.100000 194.971648          391.748096          158.237656          
2.200000 4.200000 199.443840          396.220288          160.776480          
2.200000 4.300000 203.916032          400.692480          163.315304          
2.200000 4.400000 208.388224          405.164672          165.854128          
2.200000 4.500000 212.860416          409.636864          168.392952          
2.200000 4.600000 217.332608          414.109056          170.931776          
2.200000 4.700000 221.804800          418.581248          173.470600          
2.200000 4.800000 226.276992          423.053440          176.009424          
2.200000 4.900000 230.749184          427.525632          178.548248          
2.300000 3.000000 146.305344          352.026176          132.771768          
2.300000 3.100000 150.777536          356.498368          135.310592          
2.300000 3.200000 155.249728          360.970560          137.849416          
2.300000 3.300000 159.721920          365.442752          140.388240          
2.300000 3.400000 164.194112          369.914944          142.927064          
2.300000 3.500000 168.666304          374.387136          145.465888          
2.300000 3.600000 173.138496          378.859328          148.004712          
2.300000 3.700000 177.610688          383.331520          150.543536          
2.300000 3.800000 182.082880          387.803712          153.082360          
2.300000 3.900000 186.555072          392.275904          155.621184          
2.300000 4.000000 191.027264          396.748096          158.160008          
2.300000 4.100000 195.499456          401.220288          160.698832          
2.300000 4.200000 199.971648          405.692480          163.237656          
2.300000 4.300000 204.443840          410.164672          165.776480          
2.300000 4.400000 208.916032          414.636864          168.315304          
2.300000 4.500000 213.388224          419.109056          170.854128          
2.300000 4.600000 217.860416          423.581248          173.392952          
2.300000 4.700000 222.332608          428.053440          175.931776          
2.300000 4.800000 226.804800          432.525632          178.470600          
2.300000 4.900000 231.276992          436.997824          181.009424          
2.400000 3.000000 146.833152          361.498368          135.232944          
2.400000 3.100000 151.305344          365.970560          137.771768          
2.400000 3.200000 155.777536          370.442752          140.310592          
2.400000 3.300000 160.249728          374.914944          142.849416          
2.400000 3.400000 164.721920          379.387136          145.388240          
2.400000 3.500000 169.194112          383.859328          147.927064          
2.400000 3.600000 173.666304          388.331520          150.465888          
2.400000 3.700000 178.138496          392.803712          153.004712          
2.400000 3.800000 182.610688          397.275904          155.543536          
2.400000 3.900000 187.082880          401.748096          158.082360          
2.400000 4.000000 191.555072          406.220288          160.621184          
2.400000 4.100000 196.027264          410.692480          163.160008          
2.400000 4.200000 200.499456          415.164672          165.698832          
2.400000 4.300000 204.971648          419.636864          168.237656          
2.400000 4.400000 209.443840          424.109056          170.776480          
2.400000 4.500000 213.916032          428.581248          173.315304          
2.400000 4.600000 218.388224          433.053440          175.854128          
2.400000 4.700000 222.860416          437.525632          178.392952          
2.400000 4.800000 227.332608          441.997824          180.931776          
2.400000 4.900000 231.804800          446.470016          183.470600          
2.500000 3.000000 147.360960          370.970560          137.694120          
2.500000 3.100000 151.833152          375.442752          140.232944          
2.500000 3.200000 156.305344          379.914944          142.771768          
2.500000 3.300000 160.777536          384.387136          145.310592          
2.500000 3.400000 165.249728          388.859328          147.849416          
2.500000 3.500000 169.721920          393.331520          150.388240          
2.500000 3.600000 174.194112          397.803712          152.927064          
2.500000 3.700000 178.666304          402.275904          155.465888          
2.500000 3.800000 183.138496          406.748096          158.004712          
2.500000 3.900000 187.610688          411.220288          160.543536          
2.500000 4.000000 192.082880          415.692480          163.082360          
2.500000 4.100000 196.555072          420.164672          165.621184          
2.500000 4.200000 201.027264          424.636864          168.160008          
2.500000 4.300000 205.499456          429.109056          170.698832          
2.500000 4.400000 209.971648          433.581248          173.237656          
2.500000 4.500000 214.443840          438.053440          175.776480          
2.500000 4.600000 218.916032          442.525632          178.315304          
2.500000 4.700000 223.388224          446.997824          180.854128          
2.500000 4.800000 227.860416          451.470016          183.392952          
2.500000 4.900000 232.332608          455.942208          185.931776          
2.600000 3.000000 147.888768          380.442752          140.155296          
2.600000 3.100000 152.360960          384.914944          142.694120          
2.600000 3.200000 156.833152          389.387136          145.232944          
2.600000 3.300000 161.305344          393.859328          147.771768          
2.600000 3.400000 165.777536          398.331520          150.310592          
2.600000 3.500000 170.249728          402.803712          152.849416          
2.600000 3.600000 174.721920          407.275904          155.388240          
2.600000 3.700000 179.194112          411.748096          157.927064          
2.600000 3.800000 183.666304          416.220288          160.465888          
2.600000 3.900000 188.138496          420.692480          163.004712          
2.600000 4.000000 192.610688          425.164672          165.543536          
2.600000 4.100000 197.082880          429.636864          168.082360          
2.600000 4.200000 201.555072          434.109056          170.621184          
2.600000 4.300000 206.027264          438.581248          173.160008          
2.600000 4.400000 210.499456          443.053440          175.698832          
2.600000 4.500000 214.971648          447.525632          178.237656          
2.600000 4.600000 219.443840          451.997824          180.776480          
2.600000 4.700000 223.916032          456.470016          183.315304          
2.600000 4.800000 228.388224          460.942208          185.854128          
2.600000 4.900000 232.860416          465.414400          188.392952          
2.700000 3.000000 148.416576          389.914944          142.616472          
2.700000 3.100000 152.888768          394.387136          145.155296          
2.700000 3.200000 157.360960          398.859328          147.694120          
2.700000 3.300000 161.833152          403.331520          150.232944          
2.700000 3.400000 166.305344          407.803712          152.771768          
2.700000 3.500000 170.777536          412.275904          155.310592          
2.700000 3.600000 175.249728          416.748096          157.849416          
2.700000 3.700000 179.721920          421.220288          160.388240          
2.700000 3.800000 184.194112          425.692480          162.927064          
2.700000 3.900000 188.666304          430.164672          165.465888          
2.700000 4.000000 193.138496          434.636864          168.004712          
2.700000 4.100000 197.610688          439.109056          170.543536          
2.700000 4.200000 202.082880          443.581248          173.082360          
2.700000 4.300000 206.555072          448.053440          175.621184          
2.700000 4.400000 211.027264          452.525632          178.160008          
2.700000 4.500000 215.499456          456.997824          180.698832          
2.700000 4.600000 219.971648          461.470016          183.237656          
2.700000 4.700000 224.443840          465.942208          185.776480          
2.700000 4.800000 228.916032          470.414400          188.315304          
2.700000 4.900000 233.388224          474.886592          190.854128          
2.800000 3.000000 148.944384          399.387136          145.077648          
2.800000 3.100000 153.416576          403.859328          147.616472          
2.800000 3.200000 157.888768          408.331520          150.155296          
2.800000 3.300000 162.360960          412.803712          152.694120          
2.800000 3.400000 166.833152          417.275904          155.232944          
2.800000 3.500000 171.305344          421.748096          157.771768          
2.800000 3.600000 175.777536          426.220288          160.310592          
2.800000 3.700000 180.249728          430.692480          162.849416          
2.800000 3.800000 184.721920          435.164672          165.388240          
2.800000 3.900000 189.194112          439.636864          167.927064          
2.800000 4.000000 193.666304          444.109056          170.465888          
2.800000 4.100000 198.138496          448.581248          173.004712          
2.800000 4.200000 202.610688          453.053440          175.543536          
2.800000 4.300000 207.082880          457.525632          178.082360          
2.800000 4.400000 211.555072          461.997824          180.621184          
2.800000 4.500000 216.027264          466.470016          183.160008          
2.800000 4.600000 220.499456          470.942208          185.698832          
2.800000 4.700000 224.971648          475.414400          188.237656          
2.800000 4.800000 229.443840          479.886592          190.776480          
2.800000 4.900000 233.916032          484.358784          193.315304          
2.900000 3.000000 149.472192          408.859328          147.538824          
2.900000 3.100000 153.944384          413.331520          150.077648          
2.900000 3.200000 158.416576          417.803712          152.616472          
2.900000 3.300000 162.888768          422.275904          155.155296          
2.900000 3.400000 167.360960          426.748096          157.694120          
2.900000 3.500000 171.833152          431.220288          160.232944          
2.900000 3.600000 176.305344          435.692480          162.771768          
2.900000 3.700000 180.777536          440.164672          165.310592          
2.900000 3.800000 185.249728          444.636864          167.849416          
2.900000 3.900000 189.721920          449.109056          170.388240          
2.900000 4.000000 194.194112          453.581248          172.927064          
2.900000 4.100000 198.666304          458.053440          175.465888          
2.900000 4.200000 203.138496          462.525632          178.004712          
2.900000 4.300000 207.610688          466.997824          180.543536          
2.900000 4.400000 212.082880          471.470016          183.082360          
2.900000 4.500000 216.555072          475.942208          185.621184          
2.900000 4.600000 221.027264          480.414400          188.160008          
2.900000 4.700000 225.499456          484.886592          190.698832          
2.900000 4.800000 229.971648          489.358784          193.237656          
2.900000 4.900000 234.443840          493.830976          195.776480          
